LAYER,SL_GEW_NAM,SL_GEW_KNZ,GEB_HQ,DATUM_BEOB,LINK,longitude,latitude
Historische Hochwasserereignisse,Isar,"1,6E+15",HQ 50,05/1999,http://www.wwa-m.bayern.de/,11.577018066044381,48.127455017894
Historische Hochwasserereignisse,Isar,"1,6E+15",HQ 50,05/1999,http://www.wwa-m.bayern.de/,11.577506847698954,48.12766144996243
Historische Hochwasserereignisse,Isar,"1,6E+15",HQ 50,05/1999,http://www.wwa-m.bayern.de/,11.578002920369281,48.12784887455593
Historische Hochwasserereignisse,Isar,"1,6E+15",HQ 50,05/1999,http://www.wwa-m.bayern.de/,11.578087978295788,48.12787773840033
Historische Hochwasserereignisse,Isar,"1,6E+15",HQ 50,05/1999,http://www.wwa-m.bayern.de/,11.578431980800636,48.127536353455575
Historische Hochwasserereignisse,Isar,"1,6E+15",HQ 50,05/1999,http://www.wwa-m.bayern.de/,11.578582031954822,48.12744171835394
Historische Hochwasserereignisse,Isar,"1,6E+15",HQ 50,05/1999,http://www.wwa-m.bayern.de/,11.578867185353483,48.127342825916884
Historische Hochwasserereignisse,Isar,"1,6E+15",HQ 50,05/1999,http://www.wwa-m.bayern.de/,11.578342771738985,48.12714579258626
Historische Hochwasserereignisse,Isar,"1,6E+15",HQ 50,05/1999,http://www.wwa-m.bayern.de/,11.578088507198,48.12694497876105
Historische Hochwasserereignisse,Isar,"1,6E+15",HQ 50,05/1999,http://www.wwa-m.bayern.de/,11.57783347346707,48.12683934419676
Historische Hochwasserereignisse,Isar,"1,6E+15",HQ 50,05/1999,http://www.wwa-m.bayern.de/,11.577018066044381,48.127455017894
Historische Hochwasserereignisse,Isar,"1,6E+15",HQ 50,05/1999,http://www.wwa-m.bayern.de/,11.568067112652624,48.12273652994645
Historische Hochwasserereignisse,Isar,"1,6E+15",HQ 50,05/1999,http://www.wwa-m.bayern.de/,11.570473302199492,48.12399477856838
Historische Hochwasserereignisse,Isar,"1,6E+15",HQ 50,05/1999,http://www.wwa-m.bayern.de/,11.572666961274527,48.12518079612816
Historische Hochwasserereignisse,Isar,"1,6E+15",HQ 50,05/1999,http://www.wwa-m.bayern.de/,11.57452483656645,48.12615137452718
Historische Hochwasserereignisse,Isar,"1,6E+15",HQ 50,05/1999,http://www.wwa-m.bayern.de/,11.57608159036125,48.12701373719404
Historische Hochwasserereignisse,Isar,"1,6E+15",HQ 50,05/1999,http://www.wwa-m.bayern.de/,11.576683047917449,48.12734908784507
Historische Hochwasserereignisse,Isar,"1,6E+15",HQ 50,05/1999,http://www.wwa-m.bayern.de/,11.577612491021695,48.12669814072322
Historische Hochwasserereignisse,Isar,"1,6E+15",HQ 50,05/1999,http://www.wwa-m.bayern.de/,11.576550553265392,48.12617074349284
Historische Hochwasserereignisse,Isar,"1,6E+15",HQ 50,05/1999,http://www.wwa-m.bayern.de/,11.57559506783402,48.125667538361924
Historische Hochwasserereignisse,Isar,"1,6E+15",HQ 50,05/1999,http://www.wwa-m.bayern.de/,11.574745834740364,48.12521229610334
Historische Hochwasserereignisse,Isar,"1,6E+15",HQ 50,05/1999,http://www.wwa-m.bayern.de/,11.573595807212286,48.124601266692196
Historische Hochwasserereignisse,Isar,"1,6E+15",HQ 50,05/1999,http://www.wwa-m.bayern.de/,11.571932170289912,48.123786055909775
Historische Hochwasserereignisse,Isar,"1,6E+15",HQ 50,05/1999,http://www.wwa-m.bayern.de/,11.570977375149472,48.12321142517475
Historische Hochwasserereignisse,Isar,"1,6E+15",HQ 50,05/1999,http://www.wwa-m.bayern.de/,11.570287547485627,48.122828128697726
Historische Hochwasserereignisse,Isar,"1,6E+15",HQ 50,05/1999,http://www.wwa-m.bayern.de/,11.568800807040542,48.122120614707285
Historische Hochwasserereignisse,Isar,"1,6E+15",HQ 50,05/1999,http://www.wwa-m.bayern.de/,11.568067112652624,48.12273652994645
Historische Hochwasserereignisse,Donau,1E+15,HQ 40,25.08.2005,http://www.wwa-in.bayern.de/,11.011665936825416,48.743909305639704
Historische Hochwasserereignisse,Donau,1E+15,HQ 40,25.08.2005,http://www.wwa-in.bayern.de/,11.011608630554267,48.744229366619386
Historische Hochwasserereignisse,Donau,1E+15,HQ 40,25.08.2005,http://www.wwa-in.bayern.de/,11.01190809841016,48.74456935931352
Historische Hochwasserereignisse,Donau,1E+15,HQ 40,25.08.2005,http://www.wwa-in.bayern.de/,11.012719981364748,48.744795632120564
Historische Hochwasserereignisse,Donau,1E+15,HQ 40,25.08.2005,http://www.wwa-in.bayern.de/,11.013435795399202,48.744717410536786
Historische Hochwasserereignisse,Donau,1E+15,HQ 40,25.08.2005,http://www.wwa-in.bayern.de/,11.01412675602608,48.74460522453194
Historische Hochwasserereignisse,Donau,1E+15,HQ 40,25.08.2005,http://www.wwa-in.bayern.de/,11.014894232392882,48.74449368428622
Historische Hochwasserereignisse,Donau,1E+15,HQ 40,25.08.2005,http://www.wwa-in.bayern.de/,11.015306936486335,48.74426102443868
Historische Hochwasserereignisse,Donau,1E+15,HQ 40,25.08.2005,http://www.wwa-in.bayern.de/,11.015593760284961,48.74394291955186
Historische Hochwasserereignisse,Donau,1E+15,HQ 40,25.08.2005,http://www.wwa-in.bayern.de/,11.015882875942427,48.743506745593024
Historische Hochwasserereignisse,Donau,1E+15,HQ 40,25.08.2005,http://www.wwa-in.bayern.de/,11.016430671911047,48.74288718773509
Historische Hochwasserereignisse,Donau,1E+15,HQ 40,25.08.2005,http://www.wwa-in.bayern.de/,11.016925796551734,48.742351544355664
Historische Hochwasserereignisse,Donau,1E+15,HQ 40,25.08.2005,http://www.wwa-in.bayern.de/,11.017169150658752,48.74164502440634
Historische Hochwasserereignisse,Donau,1E+15,HQ 40,25.08.2005,http://www.wwa-in.bayern.de/,11.017309477584277,48.7409882518352
Historische Hochwasserereignisse,Donau,1E+15,HQ 40,25.08.2005,http://www.wwa-in.bayern.de/,11.017493608824369,48.74070301508391
Historische Hochwasserereignisse,Donau,1E+15,HQ 40,25.08.2005,http://www.wwa-in.bayern.de/,11.018235186872744,48.740608099963005
Historische Hochwasserereignisse,Donau,1E+15,HQ 40,25.08.2005,http://www.wwa-in.bayern.de/,11.018724342953465,48.74037607627729
Historische Hochwasserereignisse,Donau,1E+15,HQ 40,25.08.2005,http://www.wwa-in.bayern.de/,11.01921285981777,48.7401777724994
Historische Hochwasserereignisse,Donau,1E+15,HQ 40,25.08.2005,http://www.wwa-in.bayern.de/,11.01967159116342,48.740198555834795
Historische Hochwasserereignisse,Donau,1E+15,HQ 40,25.08.2005,http://www.wwa-in.bayern.de/,11.019921382364192,48.74047060988546
Historische Hochwasserereignisse,Donau,1E+15,HQ 40,25.08.2005,http://www.wwa-in.bayern.de/,11.020171493488373,48.7407258068776
Historische Hochwasserereignisse,Donau,1E+15,HQ 40,25.08.2005,http://www.wwa-in.bayern.de/,11.020754812687342,48.74089947777127
Historische Hochwasserereignisse,Donau,1E+15,HQ 40,25.08.2005,http://www.wwa-in.bayern.de/,11.021418482504956,48.74101064780106
Historische Hochwasserereignisse,Donau,1E+15,HQ 40,25.08.2005,http://www.wwa-in.bayern.de/,11.021902360485011,48.741205346935566
Historische Hochwasserereignisse,Donau,1E+15,HQ 40,25.08.2005,http://www.wwa-in.bayern.de/,11.022300708587643,48.74123804778006
Historische Hochwasserereignisse,Donau,1E+15,HQ 40,25.08.2005,http://www.wwa-in.bayern.de/,11.022525463199061,48.741078691907546
Historische Hochwasserereignisse,Donau,1E+15,HQ 40,25.08.2005,http://www.wwa-in.bayern.de/,11.022663130532425,48.740837959791364
Historische Hochwasserereignisse,Donau,1E+15,HQ 40,25.08.2005,http://www.wwa-in.bayern.de/,11.02310673792141,48.74063262785345
Historische Hochwasserereignisse,Donau,1E+15,HQ 40,25.08.2005,http://www.wwa-in.bayern.de/,11.023466067559067,48.74051757258424
Historische Hochwasserereignisse,Donau,1E+15,HQ 40,25.08.2005,http://www.wwa-in.bayern.de/,11.023951934257564,48.740454201437224
Historische Hochwasserereignisse,Donau,1E+15,HQ 40,25.08.2005,http://www.wwa-in.bayern.de/,11.02456207812075,48.74056059888529
Historische Hochwasserereignisse,Donau,1E+15,HQ 40,25.08.2005,http://www.wwa-in.bayern.de/,11.025347464259754,48.74083717140595
Historische Hochwasserereignisse,Donau,1E+15,HQ 40,25.08.2005,http://www.wwa-in.bayern.de/,11.026439585107372,48.74108260315941
Historische Hochwasserereignisse,Donau,1E+15,HQ 40,25.08.2005,http://www.wwa-in.bayern.de/,11.027432284125098,48.74119221421765
Historische Hochwasserereignisse,Donau,1E+15,HQ 40,25.08.2005,http://www.wwa-in.bayern.de/,11.028325907210009,48.741149132125294
Historische Hochwasserereignisse,Donau,1E+15,HQ 40,25.08.2005,http://www.wwa-in.bayern.de/,11.029421279941944,48.74122585228301
Historische Hochwasserereignisse,Donau,1E+15,HQ 40,25.08.2005,http://www.wwa-in.bayern.de/,11.030488880593724,48.74142041421908
Historische Hochwasserereignisse,Donau,1E+15,HQ 40,25.08.2005,http://www.wwa-in.bayern.de/,11.031988118780887,48.74171983025405
Historische Hochwasserereignisse,Donau,1E+15,HQ 40,25.08.2005,http://www.wwa-in.bayern.de/,11.033335008709212,48.74198419279061
Historische Hochwasserereignisse,Donau,1E+15,HQ 40,25.08.2005,http://www.wwa-in.bayern.de/,11.03445075195631,48.742330966027524
Historische Hochwasserereignisse,Donau,1E+15,HQ 40,25.08.2005,http://www.wwa-in.bayern.de/,11.03502928382341,48.7427575841144
Historische Hochwasserereignisse,Donau,1E+15,HQ 40,25.08.2005,http://www.wwa-in.bayern.de/,11.03533017261311,48.743030042788085
Historische Hochwasserereignisse,Donau,1E+15,HQ 40,25.08.2005,http://www.wwa-in.bayern.de/,11.036038826377952,48.74332277906384
Historische Hochwasserereignisse,Donau,1E+15,HQ 40,25.08.2005,http://www.wwa-in.bayern.de/,11.036771393312852,48.7437000715105
Historische Hochwasserereignisse,Donau,1E+15,HQ 40,25.08.2005,http://www.wwa-in.bayern.de/,11.037480389343633,48.74397593298508
Historische Hochwasserereignisse,Donau,1E+15,HQ 40,25.08.2005,http://www.wwa-in.bayern.de/,11.039062375601112,48.74395538042417
Historische Hochwasserereignisse,Donau,1E+15,HQ 40,25.08.2005,http://www.wwa-in.bayern.de/,11.03941367624465,48.744261996463784
Historische Hochwasserereignisse,Donau,1E+15,HQ 40,25.08.2005,http://www.wwa-in.bayern.de/,11.039657806527677,48.74483764076185
Historische Hochwasserereignisse,Donau,1E+15,HQ 40,25.08.2005,http://www.wwa-in.bayern.de/,11.04006204921945,48.74504346240269
Historische Hochwasserereignisse,Donau,1E+15,HQ 40,25.08.2005,http://www.wwa-in.bayern.de/,11.040447208902041,48.74491170255577
Historische Hochwasserereignisse,Donau,1E+15,HQ 40,25.08.2005,http://www.wwa-in.bayern.de/,11.04060507258547,48.74465994790534
Historische Hochwasserereignisse,Donau,1E+15,HQ 40,25.08.2005,http://www.wwa-in.bayern.de/,11.04129467418807,48.74461508032995
Historische Hochwasserereignisse,Donau,1E+15,HQ 40,25.08.2005,http://www.wwa-in.bayern.de/,11.042111837068369,48.74457124908134
Historische Hochwasserereignisse,Donau,1E+15,HQ 40,25.08.2005,http://www.wwa-in.bayern.de/,11.043896926718102,48.74460294418515
Historische Hochwasserereignisse,Donau,1E+15,HQ 40,25.08.2005,http://www.wwa-in.bayern.de/,11.046977420331016,48.744932135676436
Historische Hochwasserereignisse,Donau,1E+15,HQ 40,25.08.2005,http://www.wwa-in.bayern.de/,11.04926277550443,48.74549088367447
Historische Hochwasserereignisse,Donau,1E+15,HQ 40,25.08.2005,http://www.wwa-in.bayern.de/,11.051140418645135,48.74602935296609
Historische Hochwasserereignisse,Donau,1E+15,HQ 40,25.08.2005,http://www.wwa-in.bayern.de/,11.053042952341105,48.74660175174833
Historische Hochwasserereignisse,Donau,1E+15,HQ 40,25.08.2005,http://www.wwa-in.bayern.de/,11.054483257249407,48.74733902477136
Historische Hochwasserereignisse,Donau,1E+15,HQ 40,25.08.2005,http://www.wwa-in.bayern.de/,11.055614336917895,48.74824246260289
Historische Hochwasserereignisse,Donau,1E+15,HQ 40,25.08.2005,http://www.wwa-in.bayern.de/,11.056109642568607,48.749039462661216
Historische Hochwasserereignisse,Donau,1E+15,HQ 40,25.08.2005,http://www.wwa-in.bayern.de/,11.056097962746142,48.7496635964584
Historische Hochwasserereignisse,Donau,1E+15,HQ 40,25.08.2005,http://www.wwa-in.bayern.de/,11.055278529418452,48.749825586665196
Historische Hochwasserereignisse,Donau,1E+15,HQ 40,25.08.2005,http://www.wwa-in.bayern.de/,11.05438128867499,48.75005442808353
Historische Hochwasserereignisse,Donau,1E+15,HQ 40,25.08.2005,http://www.wwa-in.bayern.de/,11.053460435627848,48.75018183110046
Historische Hochwasserereignisse,Donau,1E+15,HQ 40,25.08.2005,http://www.wwa-in.bayern.de/,11.053757999898352,48.7506397962813
Historische Hochwasserereignisse,Donau,1E+15,HQ 40,25.08.2005,http://www.wwa-in.bayern.de/,11.054318882721095,48.750661265723124
Historische Hochwasserereignisse,Donau,1E+15,HQ 40,25.08.2005,http://www.wwa-in.bayern.de/,11.054986551575597,48.75043055567385
Historische Hochwasserereignisse,Donau,1E+15,HQ 40,25.08.2005,http://www.wwa-in.bayern.de/,11.055476277422258,48.750164627854524
Historische Hochwasserereignisse,Donau,1E+15,HQ 40,25.08.2005,http://www.wwa-in.bayern.de/,11.056449392394631,48.749970149527925
Historische Hochwasserereignisse,Donau,1E+15,HQ 40,25.08.2005,http://www.wwa-in.bayern.de/,11.057518547478905,48.75009699423467
Historische Hochwasserereignisse,Donau,1E+15,HQ 40,25.08.2005,http://www.wwa-in.bayern.de/,11.058430566440132,48.75044186656923
Historische Hochwasserereignisse,Donau,1E+15,HQ 40,25.08.2005,http://www.wwa-in.bayern.de/,11.05850079996447,48.75077986135389
Historische Hochwasserereignisse,Donau,1E+15,HQ 40,25.08.2005,http://www.wwa-in.bayern.de/,11.057932346204584,48.75116325775394
Historische Hochwasserereignisse,Donau,1E+15,HQ 40,25.08.2005,http://www.wwa-in.bayern.de/,11.057280084101096,48.7519339830324
Historische Hochwasserereignisse,Donau,1E+15,HQ 40,25.08.2005,http://www.wwa-in.bayern.de/,11.057112205738514,48.752725555830075
Historische Hochwasserereignisse,Donau,1E+15,HQ 40,25.08.2005,http://www.wwa-in.bayern.de/,11.057362883102499,48.75296379352101
Historische Hochwasserereignisse,Donau,1E+15,HQ 40,25.08.2005,http://www.wwa-in.bayern.de/,11.058104254368399,48.75288550377193
Historische Hochwasserereignisse,Donau,1E+15,HQ 40,25.08.2005,http://www.wwa-in.bayern.de/,11.058501735885198,48.75209580958232
Historische Hochwasserereignisse,Donau,1E+15,HQ 40,25.08.2005,http://www.wwa-in.bayern.de/,11.058998701489305,48.75144189616842
Historische Hochwasserereignisse,Donau,1E+15,HQ 40,25.08.2005,http://www.wwa-in.bayern.de/,11.059569659674002,48.75092355229402
Historische Hochwasserereignisse,Donau,1E+15,HQ 40,25.08.2005,http://www.wwa-in.bayern.de/,11.060600089469716,48.750392084045394
Historische Hochwasserereignisse,Donau,1E+15,HQ 40,25.08.2005,http://www.wwa-in.bayern.de/,11.061398728724136,48.74997681829995
Historische Hochwasserereignisse,Donau,1E+15,HQ 40,25.08.2005,http://www.wwa-in.bayern.de/,11.062122395885263,48.74947658311198
Historische Hochwasserereignisse,Donau,1E+15,HQ 40,25.08.2005,http://www.wwa-in.bayern.de/,11.062694247525853,48.74890760955705
Historische Hochwasserereignisse,Donau,1E+15,HQ 40,25.08.2005,http://www.wwa-in.bayern.de/,11.063260139931526,48.74865914164808
Historische Hochwasserereignisse,Donau,1E+15,HQ 40,25.08.2005,http://www.wwa-in.bayern.de/,11.064377022144615,48.747588470643485
Historische Hochwasserereignisse,Donau,1E+15,HQ 40,25.08.2005,http://www.wwa-in.bayern.de/,11.065248654995848,48.74735935322013
Historische Hochwasserereignisse,Donau,1E+15,HQ 40,25.08.2005,http://www.wwa-in.bayern.de/,11.06616912209623,48.74724871338658
Historische Hochwasserereignisse,Donau,1E+15,HQ 40,25.08.2005,http://www.wwa-in.bayern.de/,11.067502992625432,48.746854607998486
Historische Hochwasserereignisse,Donau,1E+15,HQ 40,25.08.2005,http://www.wwa-in.bayern.de/,11.068860487963034,48.74656190621273
Historische Hochwasserereignisse,Donau,1E+15,HQ 40,25.08.2005,http://www.wwa-in.bayern.de/,11.069402362378684,48.74622886462266
Historische Hochwasserereignisse,Donau,1E+15,HQ 40,25.08.2005,http://www.wwa-in.bayern.de/,11.070161658861876,48.74655554229917
Historische Hochwasserereignisse,Donau,1E+15,HQ 40,25.08.2005,http://www.wwa-in.bayern.de/,11.070958290921318,48.74624141422502
Historische Hochwasserereignisse,Donau,1E+15,HQ 40,25.08.2005,http://www.wwa-in.bayern.de/,11.07050818404399,48.74574851119514
Historische Hochwasserereignisse,Donau,1E+15,HQ 40,25.08.2005,http://www.wwa-in.bayern.de/,11.069647489687084,48.74538728372871
Historische Hochwasserereignisse,Donau,1E+15,HQ 40,25.08.2005,http://www.wwa-in.bayern.de/,11.069559477781908,48.74462737790507
Historische Hochwasserereignisse,Donau,1E+15,HQ 40,25.08.2005,http://www.wwa-in.bayern.de/,11.069084212172294,48.74411740459191
Historische Hochwasserereignisse,Donau,1E+15,HQ 40,25.08.2005,http://www.wwa-in.bayern.de/,11.06868825947294,48.74345623560336
Historische Hochwasserereignisse,Donau,1E+15,HQ 40,25.08.2005,http://www.wwa-in.bayern.de/,11.068949550577342,48.74312092915943
Historische Hochwasserereignisse,Donau,1E+15,HQ 40,25.08.2005,http://www.wwa-in.bayern.de/,11.069851262854257,48.74263893936963
Historische Hochwasserereignisse,Donau,1E+15,HQ 40,25.08.2005,http://www.wwa-in.bayern.de/,11.071289803416274,48.74209380465305
Historische Hochwasserereignisse,Donau,1E+15,HQ 40,25.08.2005,http://www.wwa-in.bayern.de/,11.071652771732374,48.74177617753458
Historische Hochwasserereignisse,Donau,1E+15,HQ 40,25.08.2005,http://www.wwa-in.bayern.de/,11.072138597405088,48.741712612544475
Historische Hochwasserereignisse,Donau,1E+15,HQ 40,25.08.2005,http://www.wwa-in.bayern.de/,11.072904366470084,48.741685024344456
Historische Hochwasserereignisse,Donau,1E+15,HQ 40,25.08.2005,http://www.wwa-in.bayern.de/,11.073626251903713,48.74126905617176
Historische Hochwasserereignisse,Donau,1E+15,HQ 40,25.08.2005,http://www.wwa-in.bayern.de/,11.074248256571313,48.740734172187636
Historische Hochwasserereignisse,Donau,1E+15,HQ 40,25.08.2005,http://www.wwa-in.bayern.de/,11.074083673784818,48.73997365058754
Historische Hochwasserereignisse,Donau,1E+15,HQ 40,25.08.2005,http://www.wwa-in.bayern.de/,11.073860955781178,48.739600704342436
Historische Hochwasserereignisse,Donau,1E+15,HQ 40,25.08.2005,http://www.wwa-in.bayern.de/,11.07436038414578,48.73879491088177
Historische Hochwasserereignisse,Donau,1E+15,HQ 40,25.08.2005,http://www.wwa-in.bayern.de/,11.07358971510539,48.73909239283103
Historische Hochwasserereignisse,Donau,1E+15,HQ 40,25.08.2005,http://www.wwa-in.bayern.de/,11.07245858180988,48.739572557726596
Historische Hochwasserereignisse,Donau,1E+15,HQ 40,25.08.2005,http://www.wwa-in.bayern.de/,11.070617026907115,48.739844532203314
Historische Hochwasserereignisse,Donau,1E+15,HQ 40,25.08.2005,http://www.wwa-in.bayern.de/,11.068651681684992,48.7399130159142
Historische Hochwasserereignisse,Donau,1E+15,HQ 40,25.08.2005,http://www.wwa-in.bayern.de/,11.065925594946872,48.73973911836115
Historische Hochwasserereignisse,Donau,1E+15,HQ 40,25.08.2005,http://www.wwa-in.bayern.de/,11.064451713990927,48.73944035497077
Historische Hochwasserereignisse,Donau,1E+15,HQ 40,25.08.2005,http://www.wwa-in.bayern.de/,11.062143756275601,48.738729889667724
Historische Hochwasserereignisse,Donau,1E+15,HQ 40,25.08.2005,http://www.wwa-in.bayern.de/,11.057678864725645,48.73742814631601
Historische Hochwasserereignisse,Donau,1E+15,HQ 40,25.08.2005,http://www.wwa-in.bayern.de/,11.053847306135273,48.73636762286073
Historische Hochwasserereignisse,Donau,1E+15,HQ 40,25.08.2005,http://www.wwa-in.bayern.de/,11.051562293126477,48.73580896949084
Historische Hochwasserereignisse,Donau,1E+15,HQ 40,25.08.2005,http://www.wwa-in.bayern.de/,11.047977403962422,48.73520579707168
Historische Hochwasserereignisse,Donau,1E+15,HQ 40,25.08.2005,http://www.wwa-in.bayern.de/,11.04517739155845,48.73491269777098
Historische Hochwasserereignisse,Donau,1E+15,HQ 40,25.08.2005,http://www.wwa-in.bayern.de/,11.044285803768592,48.734854697420296
Historische Hochwasserereignisse,Donau,1E+15,HQ 40,25.08.2005,http://www.wwa-in.bayern.de/,11.041352877815301,48.73484720834392
Historische Hochwasserereignisse,Donau,1E+15,HQ 40,25.08.2005,http://www.wwa-in.bayern.de/,11.038035172256663,48.73495453143082
Historische Hochwasserereignisse,Donau,1E+15,HQ 40,25.08.2005,http://www.wwa-in.bayern.de/,11.03191008681128,48.73515631770906
Historische Hochwasserereignisse,Donau,1E+15,HQ 40,25.08.2005,http://www.wwa-in.bayern.de/,11.026805648542874,48.73533265280393
Historische Hochwasserereignisse,Donau,1E+15,HQ 40,25.08.2005,http://www.wwa-in.bayern.de/,11.024813296588755,48.73548452458227
Historische Hochwasserereignisse,Donau,1E+15,HQ 40,25.08.2005,http://www.wwa-in.bayern.de/,11.022738892916344,48.73592247803324
Historische Hochwasserereignisse,Donau,1E+15,HQ 40,25.08.2005,http://www.wwa-in.bayern.de/,11.022148097174586,48.736136789587476
Historische Hochwasserereignisse,Donau,1E+15,HQ 40,25.08.2005,http://www.wwa-in.bayern.de/,11.022114411552275,48.73655827605968
Historische Hochwasserereignisse,Donau,1E+15,HQ 40,25.08.2005,http://www.wwa-in.bayern.de/,11.021804796863162,48.7367412348539
Historische Hochwasserereignisse,Donau,1E+15,HQ 40,25.08.2005,http://www.wwa-in.bayern.de/,11.021163981706708,48.73690450796077
Historische Hochwasserereignisse,Donau,1E+15,HQ 40,25.08.2005,http://www.wwa-in.bayern.de/,11.020774895904077,48.73723862730015
Historische Hochwasserereignisse,Donau,1E+15,HQ 40,25.08.2005,http://www.wwa-in.bayern.de/,11.020688234183998,48.73776088853388
Historische Hochwasserereignisse,Donau,1E+15,HQ 40,25.08.2005,http://www.wwa-in.bayern.de/,11.020373363581836,48.7382137391249
Historische Hochwasserereignisse,Donau,1E+15,HQ 40,25.08.2005,http://www.wwa-in.bayern.de/,11.020214439469456,48.73851606427219
Historische Hochwasserereignisse,Donau,1E+15,HQ 40,25.08.2005,http://www.wwa-in.bayern.de/,11.02074606101406,48.73872303014186
Historische Hochwasserereignisse,Donau,1E+15,HQ 40,25.08.2005,http://www.wwa-in.bayern.de/,11.021453925401612,48.73904959847267
Historische Hochwasserereignisse,Donau,1E+15,HQ 40,25.08.2005,http://www.wwa-in.bayern.de/,11.02215851552318,48.739544837024326
Historische Hochwasserereignisse,Donau,1E+15,HQ 40,25.08.2005,http://www.wwa-in.bayern.de/,11.022931464824495,48.740462428720065
Historische Hochwasserereignisse,Donau,1E+15,HQ 40,25.08.2005,http://www.wwa-in.bayern.de/,11.022622818085638,48.740594783808426
Historische Hochwasserereignisse,Donau,1E+15,HQ 40,25.08.2005,http://www.wwa-in.bayern.de/,11.021957748884695,48.740690372553765
Historische Hochwasserereignisse,Donau,1E+15,HQ 40,25.08.2005,http://www.wwa-in.bayern.de/,11.021528443433025,48.74046739282213
Historische Hochwasserereignisse,Donau,1E+15,HQ 40,25.08.2005,http://www.wwa-in.bayern.de/,11.021101755542785,48.74010948633226
Historische Hochwasserereignisse,Donau,1E+15,HQ 40,25.08.2005,http://www.wwa-in.bayern.de/,11.020469082988052,48.739851042858824
Historische Hochwasserereignisse,Donau,1E+15,HQ 40,25.08.2005,http://www.wwa-in.bayern.de/,11.019937450136332,48.73964406690397
Historische Hochwasserereignisse,Donau,1E+15,HQ 40,25.08.2005,http://www.wwa-in.bayern.de/,11.01881628036778,48.73958392094031
Historische Hochwasserereignisse,Donau,1E+15,HQ 40,25.08.2005,http://www.wwa-in.bayern.de/,11.0186145606784,48.73946410172944
Historische Hochwasserereignisse,Donau,1E+15,HQ 40,25.08.2005,http://www.wwa-in.bayern.de/,11.018946767152277,48.7394331876208
Historische Hochwasserereignisse,Donau,1E+15,HQ 40,25.08.2005,http://www.wwa-in.bayern.de/,11.019331941799523,48.73930149809925
Historische Hochwasserereignisse,Donau,1E+15,HQ 40,25.08.2005,http://www.wwa-in.bayern.de/,11.020019524121441,48.73935796154925
Historische Hochwasserereignisse,Donau,1E+15,HQ 40,25.08.2005,http://www.wwa-in.bayern.de/,11.020606761686286,48.739329209590835
Historische Hochwasserereignisse,Donau,1E+15,HQ 40,25.08.2005,http://www.wwa-in.bayern.de/,11.020890237228944,48.7391797758161
Historische Hochwasserereignisse,Donau,1E+15,HQ 40,25.08.2005,http://www.wwa-in.bayern.de/,11.020563290050756,48.738940808795775
Historische Hochwasserereignisse,Donau,1E+15,HQ 40,25.08.2005,http://www.wwa-in.bayern.de/,11.019827317391927,48.73874895938137
Historische Hochwasserereignisse,Donau,1E+15,HQ 40,25.08.2005,http://www.wwa-in.bayern.de/,11.018834337439243,48.738656165781634
Historische Hochwasserereignisse,Donau,1E+15,HQ 40,25.08.2005,http://www.wwa-in.bayern.de/,11.017583722624217,48.7386961251415
Historische Hochwasserereignisse,Donau,1E+15,HQ 40,25.08.2005,http://www.wwa-in.bayern.de/,11.016404351009847,48.73900661549357
Historische Hochwasserereignisse,Donau,1E+15,HQ 40,25.08.2005,http://www.wwa-in.bayern.de/,11.016041711371862,48.73929032365332
Historische Hochwasserereignisse,Donau,1E+15,HQ 40,25.08.2005,http://www.wwa-in.bayern.de/,11.016165600018539,48.739476969973396
Historische Hochwasserereignisse,Donau,1E+15,HQ 40,25.08.2005,http://www.wwa-in.bayern.de/,11.01652265791948,48.73948001344788
Historische Hochwasserereignisse,Donau,1E+15,HQ 40,25.08.2005,http://www.wwa-in.bayern.de/,11.017187032801118,48.73941819702221
Historische Hochwasserereignisse,Donau,1E+15,HQ 40,25.08.2005,http://www.wwa-in.bayern.de/,11.017799772438748,48.739389678558396
Historische Hochwasserereignisse,Donau,1E+15,HQ 40,25.08.2005,http://www.wwa-in.bayern.de/,11.017949180431838,48.73957653271377
Historische Hochwasserereignisse,Donau,1E+15,HQ 40,25.08.2005,http://www.wwa-in.bayern.de/,11.017561046451215,48.739860035511896
Historische Hochwasserereignisse,Donau,1E+15,HQ 40,25.08.2005,http://www.wwa-in.bayern.de/,11.016606239366174,48.740425502570034
Historische Hochwasserereignisse,Donau,1E+15,HQ 40,25.08.2005,http://www.wwa-in.bayern.de/,11.015491800231466,48.741327030093345
Historische Hochwasserereignisse,Donau,1E+15,HQ 40,25.08.2005,http://www.wwa-in.bayern.de/,11.015043063621984,48.74209927089374
Historische Hochwasserereignisse,Donau,1E+15,HQ 40,25.08.2005,http://www.wwa-in.bayern.de/,11.015139144242452,48.74240376717152
Historische Hochwasserereignisse,Donau,1E+15,HQ 40,25.08.2005,http://www.wwa-in.bayern.de/,11.015519082598187,48.74254198544859
Historische Hochwasserereignisse,Donau,1E+15,HQ 40,25.08.2005,http://www.wwa-in.bayern.de/,11.015354196231883,48.74314793983132
Historische Hochwasserereignisse,Donau,1E+15,HQ 40,25.08.2005,http://www.wwa-in.bayern.de/,11.015012082881903,48.7436848853633
Historische Hochwasserereignisse,Donau,1E+15,HQ 40,25.08.2005,http://www.wwa-in.bayern.de/,11.014444033871362,48.744034321562154
Historische Hochwasserereignisse,Donau,1E+15,HQ 40,25.08.2005,http://www.wwa-in.bayern.de/,11.01362258075737,48.74429722783064
Historische Hochwasserereignisse,Donau,1E+15,HQ 40,25.08.2005,http://www.wwa-in.bayern.de/,11.012725931153728,48.74449200530348
Historische Hochwasserereignisse,Donau,1E+15,HQ 40,25.08.2005,http://www.wwa-in.bayern.de/,11.012116761829645,48.74433494842451
Historische Hochwasserereignisse,Donau,1E+15,HQ 40,25.08.2005,http://www.wwa-in.bayern.de/,11.011918675428156,48.74402957739287
Historische Hochwasserereignisse,Donau,1E+15,HQ 40,25.08.2005,http://www.wwa-in.bayern.de/,11.011818959739582,48.74391061875935
Historische Hochwasserereignisse,Donau,1E+15,HQ 40,25.08.2005,http://www.wwa-in.bayern.de/,11.011665936825416,48.743909305639704
Historische Hochwasserereignisse,Donau,1E+15,HQ 40,25.08.2005,http://www.wwa-in.bayern.de/,11.440018477153416,48.764853371747826
Historische Hochwasserereignisse,Donau,1E+15,HQ 40,25.08.2005,http://www.wwa-in.bayern.de/,11.44001732104088,48.76495698824835
Historische Hochwasserereignisse,Donau,1E+15,HQ 40,25.08.2005,http://www.wwa-in.bayern.de/,11.440374748142982,48.765065855675395
Historische Hochwasserereignisse,Donau,1E+15,HQ 40,25.08.2005,http://www.wwa-in.bayern.de/,11.440744991293185,48.76530596027176
Historische Hochwasserereignisse,Donau,1E+15,HQ 40,25.08.2005,http://www.wwa-in.bayern.de/,11.440980883822665,48.76558033768261
Historische Hochwasserereignisse,Donau,1E+15,HQ 40,25.08.2005,http://www.wwa-in.bayern.de/,11.441052165448346,48.76587740304799
Historische Hochwasserereignisse,Donau,1E+15,HQ 40,25.08.2005,http://www.wwa-in.bayern.de/,11.443716756505967,48.765907560766756
Historische Hochwasserereignisse,Donau,1E+15,HQ 40,25.08.2005,http://www.wwa-in.bayern.de/,11.44661590294659,48.765990606754066
Historische Hochwasserereignisse,Donau,1E+15,HQ 40,25.08.2005,http://www.wwa-in.bayern.de/,11.448836565760566,48.76600124823281
Historische Hochwasserereignisse,Donau,1E+15,HQ 40,25.08.2005,http://www.wwa-in.bayern.de/,11.450976577635112,48.766218722956154
Historische Hochwasserereignisse,Donau,1E+15,HQ 40,25.08.2005,http://www.wwa-in.bayern.de/,11.452517621806912,48.76626060477734
Historische Hochwasserereignisse,Donau,1E+15,HQ 40,25.08.2005,http://www.wwa-in.bayern.de/,11.455004385629337,48.7658233274582
Historische Hochwasserereignisse,Donau,1E+15,HQ 40,25.08.2005,http://www.wwa-in.bayern.de/,11.456339934623784,48.76553601681465
Historische Hochwasserereignisse,Donau,1E+15,HQ 40,25.08.2005,http://www.wwa-in.bayern.de/,11.458277662283518,48.765130628247064
Historische Hochwasserereignisse,Donau,1E+15,HQ 40,25.08.2005,http://www.wwa-in.bayern.de/,11.45919407744379,48.7649449438109
Historische Hochwasserereignisse,Donau,1E+15,HQ 40,25.08.2005,http://www.wwa-in.bayern.de/,11.45891634105565,48.76404551674693
Historische Hochwasserereignisse,Donau,1E+15,HQ 40,25.08.2005,http://www.wwa-in.bayern.de/,11.454508381308697,48.764384148115546
Historische Hochwasserereignisse,Donau,1E+15,HQ 40,25.08.2005,http://www.wwa-in.bayern.de/,11.45162162702002,48.76456373370288
Historische Hochwasserereignisse,Donau,1E+15,HQ 40,25.08.2005,http://www.wwa-in.bayern.de/,11.446342008072568,48.764763027387396
Historische Hochwasserereignisse,Donau,1E+15,HQ 40,25.08.2005,http://www.wwa-in.bayern.de/,11.440018477153416,48.764853371747826
Historische Hochwasserereignisse,Amper,"1,64E+15",HQ 20,05/1999,http://www.wwa-m.bayern.de/,11.597423514950165,48.38919103444561
Historische Hochwasserereignisse,Amper,"1,64E+15",HQ 20,05/1999,http://www.wwa-m.bayern.de/,11.597236860562637,48.389756677884705
Historische Hochwasserereignisse,Amper,"1,64E+15",HQ 20,05/1999,http://www.wwa-m.bayern.de/,11.597600278222906,48.38987929398551
Historische Hochwasserereignisse,Amper,"1,64E+15",HQ 20,05/1999,http://www.wwa-m.bayern.de/,11.598206956813632,48.38996231097449
Historische Hochwasserereignisse,Amper,"1,64E+15",HQ 20,05/1999,http://www.wwa-m.bayern.de/,11.598693116522396,48.389923557153864
Historische Hochwasserereignisse,Amper,"1,64E+15",HQ 20,05/1999,http://www.wwa-m.bayern.de/,11.599423468502287,48.38972386421098
Historische Hochwasserereignisse,Amper,"1,64E+15",HQ 20,05/1999,http://www.wwa-m.bayern.de/,11.599969096593073,48.38984710402033
Historische Hochwasserereignisse,Amper,"1,64E+15",HQ 20,05/1999,http://www.wwa-m.bayern.de/,11.600389787489055,48.39041486212401
Historische Hochwasserereignisse,Amper,"1,64E+15",HQ 20,05/1999,http://www.wwa-m.bayern.de/,11.600447356688946,48.3908195615137
Historische Hochwasserereignisse,Amper,"1,64E+15",HQ 20,05/1999,http://www.wwa-m.bayern.de/,11.600565335221564,48.39126492260352
Historische Hochwasserereignisse,Amper,"1,64E+15",HQ 20,05/1999,http://www.wwa-m.bayern.de/,11.600805735456689,48.39158934818241
Historische Hochwasserereignisse,Amper,"1,64E+15",HQ 20,05/1999,http://www.wwa-m.bayern.de/,11.601591466888348,48.39207746564504
Historische Hochwasserereignisse,Amper,"1,64E+15",HQ 20,05/1999,http://www.wwa-m.bayern.de/,11.602377854954296,48.39248469194619
Historische Hochwasserereignisse,Amper,"1,64E+15",HQ 20,05/1999,http://www.wwa-m.bayern.de/,11.603164880978234,48.39281100049823
Historische Hochwasserereignisse,Amper,"1,64E+15",HQ 20,05/1999,http://www.wwa-m.bayern.de/,11.603526158042497,48.39321673979677
Historische Hochwasserereignisse,Amper,"1,64E+15",HQ 20,05/1999,http://www.wwa-m.bayern.de/,11.603825764010198,48.39374362443684
Historische Hochwasserereignisse,Amper,"1,64E+15",HQ 20,05/1999,http://www.wwa-m.bayern.de/,11.604490402644037,48.39419086177247
Historische Hochwasserereignisse,Amper,"1,64E+15",HQ 20,05/1999,http://www.wwa-m.bayern.de/,11.605337573184386,48.39459826569495
Historische Hochwasserereignisse,Amper,"1,64E+15",HQ 20,05/1999,http://www.wwa-m.bayern.de/,11.605636881472194,48.395165587861484
Historische Hochwasserereignisse,Amper,"1,64E+15",HQ 20,05/1999,http://www.wwa-m.bayern.de/,11.605629077337454,48.39617680457399
Historische Hochwasserereignisse,Amper,"1,64E+15",HQ 20,05/1999,http://www.wwa-m.bayern.de/,11.605321330025186,48.39670159336057
Historische Hochwasserereignisse,Amper,"1,64E+15",HQ 20,05/1999,http://www.wwa-m.bayern.de/,11.605258082212975,48.39702497160898
Historische Hochwasserereignisse,Amper,"1,64E+15",HQ 20,05/1999,http://www.wwa-m.bayern.de/,11.605254954907753,48.39742945111163
Historische Hochwasserereignisse,Amper,"1,64E+15",HQ 20,05/1999,http://www.wwa-m.bayern.de/,11.605191719911145,48.397752837991796
Historische Hochwasserereignisse,Amper,"1,64E+15",HQ 20,05/1999,http://www.wwa-m.bayern.de/,11.605188281040782,48.39819776896617
Historische Hochwasserereignisse,Amper,"1,64E+15",HQ 20,05/1999,http://www.wwa-m.bayern.de/,11.605307890495617,48.398440883768686
Historische Hochwasserereignisse,Amper,"1,64E+15",HQ 20,05/1999,http://www.wwa-m.bayern.de/,11.605547098538453,48.39892709524272
Historische Hochwasserereignisse,Amper,"1,64E+15",HQ 20,05/1999,http://www.wwa-m.bayern.de/,11.606151398742842,48.39933366228413
Historische Hochwasserereignisse,Amper,"1,64E+15",HQ 20,05/1999,http://www.wwa-m.bayern.de/,11.606755708589498,48.3997402259505
Historische Hochwasserereignisse,Amper,"1,64E+15",HQ 20,05/1999,http://www.wwa-m.bayern.de/,11.607965902949784,48.40035110381529
Historische Hochwasserereignisse,Amper,"1,64E+15",HQ 20,05/1999,http://www.wwa-m.bayern.de/,11.609301319339702,48.40047699706251
Historische Hochwasserereignisse,Amper,"1,64E+15",HQ 20,05/1999,http://www.wwa-m.bayern.de/,11.609845841742123,48.4007619843683
Historische Hochwasserereignisse,Amper,"1,64E+15",HQ 20,05/1999,http://www.wwa-m.bayern.de/,11.610388220588154,48.401330120001646
Historische Hochwasserereignisse,Amper,"1,64E+15",HQ 20,05/1999,http://www.wwa-m.bayern.de/,11.61068793387537,48.401856975280765
Historische Hochwasserereignisse,Amper,"1,64E+15",HQ 20,05/1999,http://www.wwa-m.bayern.de/,11.610866167547831,48.40238343004437
Historische Hochwasserereignisse,Amper,"1,64E+15",HQ 20,05/1999,http://www.wwa-m.bayern.de/,11.610802642789098,48.40274726196816
Historische Hochwasserereignisse,Amper,"1,64E+15",HQ 20,05/1999,http://www.wwa-m.bayern.de/,11.610737890001035,48.40327289052246
Historische Hochwasserereignisse,Amper,"1,64E+15",HQ 20,05/1999,http://www.wwa-m.bayern.de/,11.610734194443472,48.40375827182823
Historische Hochwasserereignisse,Amper,"1,64E+15",HQ 20,05/1999,http://www.wwa-m.bayern.de/,11.610851056685494,48.40436541625371
Historische Hochwasserereignisse,Amper,"1,64E+15",HQ 20,05/1999,http://www.wwa-m.bayern.de/,11.610909035471975,48.4047296563456
Historische Hochwasserereignisse,Amper,"1,64E+15",HQ 20,05/1999,http://www.wwa-m.bayern.de/,11.61163309099747,48.405379291275445
Historische Hochwasserereignisse,Amper,"1,64E+15",HQ 20,05/1999,http://www.wwa-m.bayern.de/,11.611690159200755,48.4058648849555
Historische Hochwasserereignisse,Amper,"1,64E+15",HQ 20,05/1999,http://www.wwa-m.bayern.de/,11.611933162157309,48.405865699614495
Historische Hochwasserereignisse,Amper,"1,64E+15",HQ 20,05/1999,http://www.wwa-m.bayern.de/,11.611931008504888,48.406148850615004
Historische Hochwasserereignisse,Amper,"1,64E+15",HQ 20,05/1999,http://www.wwa-m.bayern.de/,11.61156649483005,48.406147619629415
Historische Hochwasserereignisse,Amper,"1,64E+15",HQ 20,05/1999,http://www.wwa-m.bayern.de/,11.611564351768653,48.40643075236631
Historische Hochwasserereignisse,Amper,"1,64E+15",HQ 20,05/1999,http://www.wwa-m.bayern.de/,11.611197984650001,48.40667221990207
Historische Hochwasserereignisse,Amper,"1,64E+15",HQ 20,05/1999,http://www.wwa-m.bayern.de/,11.610952218127071,48.40703543031044
Historische Hochwasserereignisse,Amper,"1,64E+15",HQ 20,05/1999,http://www.wwa-m.bayern.de/,11.610705207802768,48.4075604371068
Historische Hochwasserereignisse,Amper,"1,64E+15",HQ 20,05/1999,http://www.wwa-m.bayern.de/,11.610213950569065,48.4082464224033
Historische Hochwasserereignisse,Amper,"1,64E+15",HQ 20,05/1999,http://www.wwa-m.bayern.de/,11.60941982716309,48.408810018752355
Historische Hochwasserereignisse,Amper,"1,64E+15",HQ 20,05/1999,http://www.wwa-m.bayern.de/,11.608382062083901,48.40945367305332
Historische Hochwasserereignisse,Amper,"1,64E+15",HQ 20,05/1999,http://www.wwa-m.bayern.de/,11.607708477653128,48.410139023264946
Historische Hochwasserereignisse,Amper,"1,64E+15",HQ 20,05/1999,http://www.wwa-m.bayern.de/,11.607036859303372,48.41071757679112
Historische Hochwasserereignisse,Amper,"1,64E+15",HQ 20,05/1999,http://www.wwa-m.bayern.de/,11.606975071111584,48.410702817900514
Historische Hochwasserereignisse,Amper,"1,64E+15",HQ 20,05/1999,http://www.wwa-m.bayern.de/,11.60593097471456,48.412155435796656
Historische Hochwasserereignisse,Amper,"1,64E+15",HQ 20,05/1999,http://www.wwa-m.bayern.de/,11.605865541978382,48.41276194679171
Historische Hochwasserereignisse,Amper,"1,64E+15",HQ 20,05/1999,http://www.wwa-m.bayern.de/,11.605495670960616,48.413448327112896
Historische Hochwasserereignisse,Amper,"1,64E+15",HQ 20,05/1999,http://www.wwa-m.bayern.de/,11.60524826474583,48.41401377462725
Historische Hochwasserereignisse,Amper,"1,64E+15",HQ 20,05/1999,http://www.wwa-m.bayern.de/,11.604882137901948,48.414214762549435
Historische Hochwasserereignisse,Amper,"1,64E+15",HQ 20,05/1999,http://www.wwa-m.bayern.de/,11.60457678609089,48.41441595629096
Historische Hochwasserereignisse,Amper,"1,64E+15",HQ 20,05/1999,http://www.wwa-m.bayern.de/,11.604512568581109,48.41486068825633
Historische Hochwasserereignisse,Amper,"1,64E+15",HQ 20,05/1999,http://www.wwa-m.bayern.de/,11.604022719466103,48.41534440096093
Historische Hochwasserereignisse,Amper,"1,64E+15",HQ 20,05/1999,http://www.wwa-m.bayern.de/,11.603534122995054,48.41566630572596
Historische Hochwasserereignisse,Amper,"1,64E+15",HQ 20,05/1999,http://www.wwa-m.bayern.de/,11.60237649067245,48.416066802776506
Historische Hochwasserereignisse,Amper,"1,64E+15",HQ 20,05/1999,http://www.wwa-m.bayern.de/,11.601646091628286,48.41622607773882
Historische Hochwasserereignisse,Amper,"1,64E+15",HQ 20,05/1999,http://www.wwa-m.bayern.de/,11.600734029391349,48.41630381742388
Historische Hochwasserereignisse,Amper,"1,64E+15",HQ 20,05/1999,http://www.wwa-m.bayern.de/,11.599577963127237,48.416502037971355
Historische Hochwasserereignisse,Amper,"1,64E+15",HQ 20,05/1999,http://www.wwa-m.bayern.de/,11.598908302145272,48.41666150590965
Historische Hochwasserereignisse,Amper,"1,64E+15",HQ 20,05/1999,http://www.wwa-m.bayern.de/,11.598296213760188,48.4172256688878
Historische Hochwasserereignisse,Amper,"1,64E+15",HQ 20,05/1999,http://www.wwa-m.bayern.de/,11.598228444724773,48.41811532867238
Historische Hochwasserereignisse,Amper,"1,64E+15",HQ 20,05/1999,http://www.wwa-m.bayern.de/,11.598406283571027,48.418682236482056
Historische Hochwasserereignisse,Amper,"1,64E+15",HQ 20,05/1999,http://www.wwa-m.bayern.de/,11.598827840674401,48.419169108877654
Historische Hochwasserereignisse,Amper,"1,64E+15",HQ 20,05/1999,http://www.wwa-m.bayern.de/,11.599005360765451,48.419776458245835
Historische Hochwasserereignisse,Amper,"1,64E+15",HQ 20,05/1999,http://www.wwa-m.bayern.de/,11.599009429299217,48.419791824205774
Historische Hochwasserereignisse,Amper,"1,64E+15",HQ 20,05/1999,http://www.wwa-m.bayern.de/,11.59833916127463,48.4194909929141
Historische Hochwasserereignisse,Amper,"1,64E+15",HQ 20,05/1999,http://www.wwa-m.bayern.de/,11.59785909342933,48.41872077384289
Historische Hochwasserereignisse,Amper,"1,64E+15",HQ 20,05/1999,http://www.wwa-m.bayern.de/,11.59751299504854,48.41637349119203
Historische Hochwasserereignisse,Amper,"1,64E+15",HQ 20,05/1999,http://www.wwa-m.bayern.de/,11.597401993500693,48.4150382674711
Historische Hochwasserereignisse,Amper,"1,64E+15",HQ 20,05/1999,http://www.wwa-m.bayern.de/,11.596800137617338,48.414308062844505
Historische Hochwasserereignisse,Amper,"1,64E+15",HQ 20,05/1999,http://www.wwa-m.bayern.de/,11.5959028271206,48.41252514464537
Historische Hochwasserereignisse,Amper,"1,64E+15",HQ 20,05/1999,http://www.wwa-m.bayern.de/,11.594828449054779,48.4100943818047
Historische Hochwasserereignisse,Amper,"1,64E+15",HQ 20,05/1999,http://www.wwa-m.bayern.de/,11.592005955259719,48.39835401434509
Historische Hochwasserereignisse,Amper,"1,64E+15",HQ 20,05/1999,http://www.wwa-m.bayern.de/,11.591513895383107,48.39912080865538
